10,83
10,87
10,299
10,175
10,7
10,317
10,279
11,18
11,29
11,17
11,5
11,10
11,26
9,7
8,4
8,15
8,7
8,9
48,4
48,3
48,2
48,1
48,0
47,4
47,3
47,2
47,1
47,0
44,4
44,3
44,2
44,1
44,0
43,4
43,3
43,2
43,1
43,0
41,5
41,4
41,3
41,2
41,1
41,0
38,6
38,5
38,4
38,3
38,2
38,1
38,0
36,6
36,5
36,4
36,3
36,2
36,1
36,0
34,6
34,5
34,4
34,3
34,2
34,1
34,0
27,4
27,3
27,2
27,1
27,0
24,3
24,2
24,1
24,0
20,3
20,2
20,1
19,3
19,2
19,1
12,3
12,2
12,1
11,30
11,28
11,27
11,24
11,21
11,15
11,4
11,3
11,2
11,1
10,231
10,167
18,1
10,129
18,3
10,117
10,107
10,105
14,1
10,11
10,3
10,2
14,3
13,1
